0 (8)| 1 (16)| 2 (24)| 3 (32)| 4 (40)| 0 (48)| 1 (56)| 2 (64)| 3 (72)| 4 (80)| 0 (88)| 1 (96)| 2 (104)| 3 (112)| 4 (120)| 0 (128)| 1 (136)| 2 (144)| 3 (152)| 4 (160)| 0 (168)| 1 (176)| 2 (184)| 3 (190)| 4 (198)| 0 (203)| 1 (211)| 2 (219)| 4 (227)| 1 (235)| 2 (243)| 4 (250)| 1 (258)| 2 (266)| 1 (274)| 2 (280)| 1 (288)| 1 (296)| 1 (298)| 

Process No.          Burst Time           Waiting Time         Turn Around Time    
0                    45                   158                  203                 
1                    90                   203                  293                 
2                    70                   202                  272                 
3                    38                   137                  175                 
4                    55                   175                  230                 

Average Waiting Time: 175.0000000000000
Average Turnaround Time: 234.6000061035156
Number of context switches: 36
Idle CPU Time: 0
