0 (18)| 1 (36)| 2 (41)| 3 (63)| 4 (73)| 5 (90)| 6 (105)| 7 (117)| 8 (140)| 9 (158)| 10 (170)| 11 (188)| 12 (208)| 13 (210)| 14 (237)| 15 (260)| 16 (282)| 17 (291)| 18 (295)| 19 (298)| 20 (322)| 21 (340)| 22 (357)| 23 (380)| 24 (388)| 25 (406)| 26 (424)| 27 (432)| 28 (456)| 29 (478)| 30 (496)| 31 (519)| 32 (520)| 33 (538)| 34 (565)| 35 (583)| 36 (601)| 37 (602)| 38 (622)| 39 (631)| 40 (649)| 41 (662)| 42 (684)| 43 (717)| 44 (740)| 45 (744)| 46 (778)| 47 (784)| 48 (802)| 49 (817)| 50 (832)| 51 (859)| 52 (885)| 53 (903)| 54 (905)| 55 (922)| 56 (926)| 57 (932)| 58 (952)| 59 (962)| 60 (989)| 61 (1007)| 62 (1034)| 63 (1041)| 64 (1046)| 65 (1064)| 66 (1077)| 67 (1106)| 68 (1140)| 0 (1158)| 1 (1172)| 8 (1191)| 9 (1205)| 11 (1223)| 14 (1237)| 15 (1253)| 21 (1271)| 23 (1288)| 25 (1306)| 26 (1324)| 30 (1342)| 31 (1357)| 34 (1380)| 35 (1386)| 36 (1392)| 40 (1410)| 44 (1431)| 48 (1452)| 51 (1464)| 53 (1484)| 60 (1498)| 61 (1516)| 62 (1535)| 65 (1553)| 0 (1558)| 11 (1570)| 21 (1577)| 25 (1582)| 26 (1595)| 30 (1601)| 40 (1614)| 61 (1624)| 65 (1634)| 

Process No.          Burst Time           Waiting Time         Turn Around Time    
0                    41                   1517                 1558                
1                    32                   1138                 1170                
2                    5                    32                   37                  
3                    22                   37                   59                  
4                    10                   57                   67                  
5                    17                   64                   81                  
6                    15                   80                   95                  
7                    12                   94                   106                 
8                    42                   1136                 1178                
9                    32                   1157                 1189                
10                   12                   142                  154                 
11                   48                   1504                 1552                
12                   20                   170                  190                 
13                   2                    188                  190                 
14                   41                   1174                 1215                
15                   39                   1192                 1231                
16                   22                   235                  257                 
17                   9                    257                  266                 
18                   4                    265                  269                 
19                   3                    267                  270                 
20                   24                   268                  292                 
21                   43                   1502                 1545                
22                   17                   305                  322                 
23                   40                   1211                 1251                
24                   8                    343                  351                 
25                   41                   1503                 1544                
26                   49                   1508                 1557                
27                   8                    386                  394                 
28                   24                   391                  415                 
29                   22                   414                  436                 
30                   42                   1515                 1557                
31                   38                   1272                 1310                
32                   1                    470                  471                 
33                   18                   470                  488                 
34                   50                   1280                 1330                
35                   24                   1312                 1336                
36                   24                   1317                 1341                
37                   1                    547                  548                 
38                   20                   546                  566                 
39                   9                    564                  573                 
40                   49                   1504                 1553                
41                   13                   588                  601                 
42                   22                   598                  620                 
43                   33                   620                  653                 
44                   44                   1322                 1366                
45                   4                    675                  679                 
46                   34                   678                  712                 
47                   6                    709                  715                 
48                   39                   1341                 1380                
49                   15                   727                  742                 
50                   15                   741                  756                 
51                   39                   1347                 1386                
52                   26                   778                  804                 
53                   38                   1363                 1401                
54                   2                    820                  822                 
55                   17                   822                  839                 
56                   4                    836                  840                 
57                   6                    839                  845                 
58                   20                   842                  862                 
59                   10                   859                  869                 
60                   41                   1363                 1404                
61                   46                   1484                 1530                
62                   46                   1394                 1440                
63                   7                    939                  946                 
64                   5                    946                  951                 
65                   46                   1491                 1537                
66                   13                   966                  979                 
67                   29                   977                  1006                
68                   34                   1004                 1038                

Average Waiting Time: 817.4347534179688
Average Turnaround Time: 841.1159667968750
Number of context switches: 102
Idle CPU Time: 0

