0 (4)| 1 (8)| 2 (13)| 3 (19)| 4 (25)| 5 (31)| 6 (36)| 7 (40)| 8 (45)| 9 (49)| 10 (54)| 11 (58)| 12 (62)| 13 (64)| 14 (70)| 15 (75)| 16 (80)| 17 (84)| 18 (88)| 19 (91)| 20 (96)| 21 (100)| 22 (104)| 23 (109)| 24 (115)| 25 (119)| 26 (123)| 27 (127)| 28 (132)| 29 (137)| 30 (141)| 31 (146)| 32 (147)| 33 (151)| 34 (157)| 35 (161)| 36 (165)| 37 (166)| 38 (171)| 39 (177)| 40 (181)| 41 (186)| 42 (192)| 43 (198)| 44 (203)| 45 (207)| 46 (213)| 47 (219)| 48 (223)| 49 (227)| 50 (232)| 51 (238)| 52 (243)| 53 (247)| 54 (249)| 55 (254)| 56 (258)| 57 (264)| 58 (268)| 59 (274)| 60 (280)| 61 (284)| 62 (290)| 63 (294)| 64 (298)| 65 (302)| 66 (306)| 67 (312)| 68 (318)| 0 (322)| 1 (326)| 3 (332)| 4 (336)| 5 (342)| 6 (347)| 7 (351)| 8 (356)| 9 (360)| 10 (365)| 11 (369)| 12 (373)| 14 (379)| 15 (384)| 16 (389)| 17 (393)| 20 (398)| 21 (402)| 22 (406)| 23 (411)| 24 (413)| 25 (417)| 26 (421)| 27 (425)| 28 (430)| 29 (435)| 30 (439)| 31 (444)| 33 (448)| 34 (454)| 35 (458)| 36 (462)| 38 (467)| 39 (470)| 40 (474)| 41 (479)| 42 (485)| 43 (491)| 44 (496)| 46 (502)| 48 (506)| 49 (510)| 50 (515)| 51 (521)| 52 (526)| 53 (530)| 55 (535)| 58 (539)| 59 (543)| 60 (549)| 61 (553)| 62 (559)| 63 (562)| 64 (563)| 65 (567)| 66 (571)| 67 (577)| 68 (583)| 0 (587)| 1 (591)| 3 (597)| 5 (602)| 6 (607)| 7 (611)| 8 (616)| 9 (620)| 10 (622)| 11 (626)| 12 (630)| 14 (636)| 15 (641)| 16 (646)| 17 (647)| 20 (652)| 21 (656)| 22 (660)| 23 (665)| 25 (669)| 26 (673)| 28 (678)| 29 (683)| 30 (687)| 31 (692)| 33 (696)| 34 (702)| 35 (706)| 36 (710)| 38 (715)| 40 (719)| 41 (722)| 42 (728)| 43 (734)| 44 (739)| 46 (745)| 48 (749)| 49 (753)| 50 (758)| 51 (764)| 52 (769)| 53 (773)| 55 (778)| 58 (782)| 60 (788)| 61 (792)| 62 (798)| 65 (802)| 66 (806)| 67 (812)| 68 (818)| 0 (822)| 1 (826)| 3 (830)| 8 (835)| 9 (839)| 11 (843)| 12 (847)| 14 (853)| 15 (858)| 16 (863)| 20 (868)| 21 (872)| 22 (876)| 23 (881)| 25 (885)| 26 (889)| 28 (894)| 29 (899)| 30 (903)| 31 (908)| 33 (912)| 34 (918)| 35 (922)| 36 (926)| 38 (931)| 40 (935)| 42 (939)| 43 (945)| 44 (950)| 46 (956)| 48 (960)| 49 (963)| 51 (969)| 52 (974)| 53 (978)| 55 (980)| 58 (984)| 60 (990)| 61 (994)| 62 (1000)| 65 (1004)| 66 (1005)| 67 (1011)| 68 (1017)| 0 (1021)| 1 (1025)| 8 (1030)| 9 (1034)| 11 (1038)| 12 (1042)| 14 (1048)| 15 (1053)| 16 (1055)| 20 (1059)| 21 (1063)| 22 (1064)| 23 (1069)| 25 (1073)| 26 (1077)| 28 (1081)| 29 (1083)| 30 (1087)| 31 (1092)| 33 (1094)| 34 (1100)| 35 (1104)| 36 (1108)| 40 (1112)| 43 (1118)| 44 (1123)| 46 (1129)| 48 (1133)| 51 (1139)| 52 (1145)| 53 (1149)| 58 (1153)| 60 (1159)| 61 (1163)| 62 (1169)| 65 (1173)| 67 (1178)| 68 (1184)| 0 (1188)| 1 (1192)| 8 (1197)| 9 (1201)| 11 (1205)| 14 (1211)| 15 (1216)| 21 (1220)| 23 (1225)| 25 (1229)| 26 (1233)| 30 (1237)| 31 (1242)| 34 (1248)| 35 (1252)| 36 (1256)| 40 (1260)| 43 (1263)| 44 (1268)| 46 (1272)| 48 (1276)| 51 (1282)| 53 (1286)| 60 (1292)| 61 (1296)| 62 (1302)| 65 (1306)| 68 (1310)| 0 (1314)| 1 (1318)| 8 (1323)| 9 (1327)| 11 (1331)| 14 (1336)| 15 (1341)| 21 (1345)| 23 (1350)| 25 (1354)| 26 (1358)| 30 (1362)| 31 (1367)| 34 (1373)| 40 (1377)| 44 (1382)| 48 (1386)| 51 (1389)| 53 (1393)| 60 (1398)| 61 (1402)| 62 (1408)| 65 (1412)| 0 (1416)| 1 (1420)| 8 (1425)| 9 (1429)| 11 (1433)| 15 (1437)| 21 (1441)| 23 (1446)| 25 (1450)| 26 (1454)| 30 (1458)| 31 (1461)| 34 (1467)| 40 (1471)| 44 (1476)| 48 (1480)| 53 (1484)| 61 (1488)| 62 (1492)| 65 (1496)| 0 (1500)| 8 (1502)| 11 (1506)| 21 (1510)| 25 (1514)| 26 (1518)| 30 (1522)| 34 (1524)| 40 (1528)| 44 (1532)| 48 (1536)| 53 (1540)| 61 (1544)| 65 (1548)| 0 (1552)| 11 (1556)| 21 (1560)| 25 (1564)| 26 (1568)| 30 (1572)| 40 (1576)| 48 (1579)| 53 (1581)| 61 (1585)| 65 (1589)| 0 (1590)| 11 (1594)| 21 (1597)| 25 (1598)| 26 (1602)| 30 (1604)| 40 (1608)| 61 (1612)| 65 (1616)| 11 (1620)| 26 (1624)| 40 (1628)| 61 (1630)| 65 (1632)| 26 (1633)| 40 (1634)| 

Process No.          Burst Time           Waiting Time         Turn Around Time    
0                    41                   1549                 1590                
1                    32                   1386                 1418                
2                    5                    4                    9                   
3                    22                   804                  826                 
4                    10                   320                  330                 
5                    17                   576                  593                 
6                    15                   582                  597                 
7                    12                   588                  600                 
8                    42                   1447                 1489                
9                    32                   1381                 1413                
10                   12                   594                  606                 
11                   48                   1554                 1602                
12                   20                   1004                 1024                
13                   2                    42                   44                  
14                   41                   1273                 1314                
15                   39                   1376                 1415                
16                   22                   1008                 1030                
17                   9                    613                  622                 
18                   4                    58                   62                  
19                   3                    60                   63                  
20                   24                   1005                 1029                
21                   43                   1522                 1565                
22                   17                   1012                 1029                
23                   40                   1369                 1409                
24                   8                    368                  376                 
25                   41                   1519                 1560                
26                   49                   1546                 1595                
27                   8                    379                  387                 
28                   24                   1016                 1040                
29                   22                   1019                 1041                
30                   42                   1518                 1560                
31                   38                   1376                 1414                
32                   1                    97                   98                  
33                   18                   1026                 1044                
34                   50                   1424                 1474                
35                   24                   1178                 1202                
36                   24                   1181                 1205                
37                   1                    111                  112                 
38                   20                   855                  875                 
39                   9                    403                  412                 
40                   49                   1524                 1573                
41                   13                   648                  661                 
42                   22                   853                  875                 
43                   33                   1166                 1199                
44                   44                   1423                 1467                
45                   4                    138                  142                 
46                   34                   1172                 1206                
47                   6                    144                  150                 
48                   39                   1468                 1507                
49                   15                   873                  888                 
50                   15                   667                  682                 
51                   39                   1272                 1311                
52                   26                   1038                 1064                
53                   38                   1460                 1498                
54                   2                    164                  166                 
55                   17                   880                  897                 
56                   4                    168                  172                 
57                   6                    171                  177                 
58                   20                   1043                 1063                
59                   10                   440                  450                 
60                   41                   1263                 1304                
61                   46                   1490                 1536                
62                   46                   1351                 1397                
63                   7                    460                  467                 
64                   5                    463                  468                 
65                   46                   1489                 1535                
66                   13                   894                  907                 
67                   29                   1049                 1078                
68                   34                   1174                 1208                

Average Waiting Time: 905.6231689453125
Average Turnaround Time: 929.3043212890625
Number of context switches: 371
Idle CPU Time: 0
