0 (8)| 1 (16)| 2 (21)| 3 (33)| 4 (43)| 5 (55)| 6 (65)| 7 (73)| 8 (83)| 9 (91)| 10 (103)| 11 (111)| 12 (119)| 13 (121)| 14 (133)| 15 (143)| 16 (153)| 17 (162)| 18 (166)| 19 (169)| 20 (179)| 21 (187)| 22 (195)| 23 (205)| 24 (213)| 25 (221)| 26 (229)| 27 (237)| 28 (247)| 29 (257)| 30 (265)| 31 (275)| 32 (276)| 33 (284)| 34 (296)| 35 (304)| 36 (312)| 37 (313)| 38 (323)| 39 (332)| 40 (340)| 41 (350)| 42 (362)| 43 (374)| 44 (384)| 45 (388)| 46 (400)| 47 (406)| 48 (414)| 49 (422)| 50 (432)| 51 (444)| 52 (454)| 53 (462)| 54 (464)| 55 (474)| 56 (478)| 57 (484)| 58 (492)| 59 (502)| 60 (514)| 61 (522)| 62 (534)| 63 (541)| 64 (546)| 65 (554)| 66 (562)| 67 (574)| 68 (586)| 0 (594)| 1 (602)| 3 (612)| 5 (617)| 6 (622)| 7 (626)| 8 (636)| 9 (644)| 11 (652)| 12 (660)| 14 (672)| 15 (682)| 16 (694)| 20 (704)| 21 (712)| 22 (721)| 23 (731)| 25 (739)| 26 (747)| 28 (757)| 29 (769)| 30 (777)| 31 (787)| 33 (795)| 34 (807)| 35 (815)| 36 (823)| 38 (833)| 40 (841)| 41 (844)| 42 (854)| 43 (866)| 44 (876)| 46 (888)| 48 (896)| 49 (903)| 50 (908)| 51 (920)| 52 (930)| 53 (938)| 55 (945)| 58 (953)| 60 (965)| 61 (973)| 62 (985)| 65 (993)| 66 (998)| 67 (1010)| 68 (1022)| 0 (1030)| 1 (1038)| 8 (1048)| 9 (1056)| 11 (1064)| 12 (1068)| 14 (1080)| 15 (1090)| 20 (1094)| 21 (1102)| 23 (1112)| 25 (1120)| 26 (1128)| 28 (1132)| 30 (1140)| 31 (1150)| 33 (1152)| 34 (1164)| 35 (1172)| 36 (1180)| 40 (1188)| 43 (1197)| 44 (1207)| 46 (1217)| 48 (1225)| 51 (1240)| 52 (1246)| 53 (1254)| 58 (1258)| 60 (1270)| 61 (1278)| 62 (1290)| 65 (1298)| 67 (1303)| 68 (1313)| 0 (1321)| 1 (1329)| 8 (1341)| 9 (1349)| 11 (1357)| 14 (1362)| 15 (1371)| 21 (1379)| 23 (1389)| 25 (1397)| 26 (1405)| 30 (1413)| 31 (1421)| 34 (1435)| 40 (1443)| 44 (1453)| 48 (1461)| 53 (1469)| 60 (1474)| 61 (1482)| 62 (1492)| 65 (1500)| 0 (1509)| 11 (1517)| 21 (1525)| 25 (1534)| 26 (1542)| 30 (1550)| 40 (1558)| 44 (1562)| 48 (1569)| 53 (1575)| 61 (1583)| 65 (1591)| 11 (1599)| 21 (1602)| 26 (1611)| 30 (1613)| 40 (1622)| 61 (1628)| 65 (1634)| 

Process No.          Burst Time           Waiting Time         Turn Around Time    
0                    41                   1468                 1509                
1                    32                   1295                 1327                
2                    5                    12                   17                  
3                    22                   586                  608                 
4                    10                   27                   37                  
5                    17                   591                  608                 
6                    15                   597                  612                 
7                    12                   603                  615                 
8                    42                   1286                 1328                
9                    32                   1301                 1333                
10                   12                   75                   87                  
11                   48                   1533                 1581                
12                   20                   1030                 1050                
13                   2                    99                   101                 
14                   41                   1299                 1340                
15                   39                   1310                 1349                
16                   22                   647                  669                 
17                   9                    128                  137                 
18                   4                    136                  140                 
19                   3                    138                  141                 
20                   24                   1040                 1064                
21                   43                   1527                 1570                
22                   17                   669                  686                 
23                   40                   1312                 1352                
24                   8                    168                  176                 
25                   41                   1455                 1496                
26                   49                   1524                 1573                
27                   8                    191                  199                 
28                   24                   1067                 1091                
29                   22                   705                  727                 
30                   42                   1527                 1569                
31                   38                   1336                 1374                
32                   1                    226                  227                 
33                   18                   1084                 1102                
34                   50                   1335                 1385                
35                   24                   1098                 1122                
36                   24                   1105                 1129                
37                   1                    258                  259                 
38                   20                   757                  777                 
39                   9                    265                  274                 
40                   49                   1512                 1561                
41                   13                   770                  783                 
42                   22                   768                  790                 
43                   33                   1100                 1133                
44                   44                   1453                 1497                
45                   4                    319                  323                 
46                   34                   1117                 1151                
47                   6                    331                  337                 
48                   39                   1458                 1497                
49                   15                   813                  828                 
50                   15                   817                  832                 
51                   39                   1123                 1162                
52                   26                   1139                 1165                
53                   38                   1454                 1492                
54                   2                    379                  381                 
55                   17                   845                  862                 
56                   4                    388                  392                 
57                   6                    391                  397                 
58                   20                   1148                 1168                
59                   10                   399                  409                 
60                   41                   1339                 1380                
61                   46                   1488                 1534                
62                   46                   1351                 1397                
63                   7                    439                  446                 
64                   5                    446                  451                 
65                   46                   1491                 1537                
66                   13                   887                  900                 
67                   29                   1174                 1203                
68                   34                   1177                 1211                

Average Waiting Time: 874.2898559570312
Average Turnaround Time: 897.9710083007812
Number of context switches: 193
Idle CPU Time: 0
