0 (8)| 1 (16)| 2 (24)| 3 (25)| 4 (33)| 5 (41)| 6 (49)| 7 (57)| 8 (65)| 9 (73)| 0 (81)| 1 (89)| 2 (97)| 4 (105)| 5 (113)| 6 (121)| 7 (129)| 8 (137)| 9 (145)| 0 (153)| 1 (161)| 2 (169)| 4 (177)| 5 (186)| 6 (194)| 7 (202)| 8 (210)| 9 (218)| 0 (226)| 1 (234)| 2 (242)| 4 (250)| 6 (258)| 7 (266)| 8 (274)| 9 (282)| 0 (290)| 1 (298)| 2 (301)| 4 (309)| 6 (317)| 7 (325)| 8 (333)| 9 (341)| 0 (343)| 1 (351)| 4 (359)| 6 (367)| 7 (375)| 8 (383)| 9 (391)| 1 (399)| 4 (407)| 6 (415)| 7 (423)| 8 (431)| 9 (439)| 1 (447)| 4 (455)| 6 (463)| 7 (466)| 8 (473)| 9 (482)| 1 (486)| 4 (492)| 6 (500)| 6 (507)| 

Process No.          Burst Time           Waiting Time         Turn Around Time    
0                    42                   301                  343                 
1                    68                   418                  486                 
2                    35                   266                  301                 
3                    1                    24                   25                  
4                    70                   422                  492                 
5                    25                   161                  186                 
6                    79                   428                  507                 
7                    59                   407                  466                 
8                    63                   410                  473                 
9                    65                   417                  482                 

Average Waiting Time: 325.3999938964844
Average Turnaround Time: 376.1000061035156
Number of context switches: 65
Idle CPU Time: 0
