0 (17)| 1 (34)| 2 (39)| 3 (61)| 4 (71)| 5 (88)| 6 (103)| 7 (115)| 8 (137)| 9 (154)| 10 (166)| 11 (183)| 12 (203)| 13 (205)| 14 (231)| 15 (253)| 16 (275)| 17 (284)| 18 (288)| 19 (291)| 20 (315)| 21 (332)| 22 (349)| 23 (371)| 24 (379)| 25 (396)| 26 (413)| 27 (421)| 28 (445)| 29 (467)| 30 (484)| 31 (506)| 32 (507)| 33 (525)| 34 (551)| 35 (568)| 36 (585)| 37 (586)| 38 (606)| 39 (615)| 40 (632)| 41 (645)| 42 (667)| 43 (700)| 44 (722)| 45 (726)| 46 (752)| 47 (758)| 48 (775)| 49 (790)| 50 (805)| 51 (831)| 52 (857)| 53 (874)| 54 (876)| 55 (893)| 56 (897)| 57 (903)| 58 (923)| 59 (933)| 60 (959)| 61 (976)| 62 (1002)| 63 (1009)| 64 (1014)| 65 (1031)| 66 (1044)| 67 (1073)| 68 (1099)| 0 (1116)| 1 (1131)| 8 (1151)| 9 (1166)| 11 (1183)| 14 (1198)| 15 (1215)| 21 (1232)| 23 (1250)| 25 (1267)| 26 (1284)| 30 (1301)| 31 (1317)| 34 (1341)| 35 (1348)| 36 (1355)| 40 (1372)| 44 (1394)| 46 (1402)| 48 (1419)| 51 (1432)| 53 (1449)| 60 (1464)| 61 (1481)| 62 (1501)| 65 (1518)| 68 (1526)| 0 (1533)| 11 (1547)| 21 (1556)| 25 (1563)| 26 (1578)| 30 (1586)| 40 (1601)| 48 (1606)| 53 (1610)| 61 (1622)| 65 (1634)| 

Process No.          Burst Time           Waiting Time         Turn Around Time    
0                    41                   1492                 1533                
1                    32                   1097                 1129                
2                    5                    30                   35                  
3                    22                   35                   57                  
4                    10                   55                   65                  
5                    17                   62                   79                  
6                    15                   78                   93                  
7                    12                   92                   104                 
8                    42                   1096                 1138                
9                    32                   1118                 1150                
10                   12                   138                  150                 
11                   48                   1481                 1529                
12                   20                   165                  185                 
13                   2                    183                  185                 
14                   41                   1135                 1176                
15                   39                   1154                 1193                
16                   22                   228                  250                 
17                   9                    250                  259                 
18                   4                    258                  262                 
19                   3                    260                  263                 
20                   24                   261                  285                 
21                   43                   1481                 1524                
22                   17                   297                  314                 
23                   40                   1173                 1213                
24                   8                    334                  342                 
25                   41                   1484                 1525                
26                   49                   1491                 1540                
27                   8                    375                  383                 
28                   24                   380                  404                 
29                   22                   403                  425                 
30                   42                   1500                 1542                
31                   38                   1232                 1270                
32                   1                    457                  458                 
33                   18                   457                  475                 
34                   50                   1241                 1291                
35                   24                   1274                 1298                
36                   24                   1280                 1304                
37                   1                    531                  532                 
38                   20                   530                  550                 
39                   9                    548                  557                 
40                   49                   1491                 1540                
41                   13                   571                  584                 
42                   22                   581                  603                 
43                   33                   603                  636                 
44                   44                   1285                 1329                
45                   4                    657                  661                 
46                   34                   1302                 1336                
47                   6                    683                  689                 
48                   39                   1495                 1534                
49                   15                   700                  715                 
50                   15                   714                  729                 
51                   39                   1315                 1354                
52                   26                   750                  776                 
53                   38                   1489                 1527                
54                   2                    791                  793                 
55                   17                   793                  810                 
56                   4                    807                  811                 
57                   6                    810                  816                 
58                   20                   813                  833                 
59                   10                   830                  840                 
60                   41                   1329                 1370                
61                   46                   1482                 1528                
62                   46                   1360                 1406                
63                   7                    907                  914                 
64                   5                    914                  919                 
65                   46                   1491                 1537                
66                   13                   933                  946                 
67                   29                   944                  973                 
68                   34                   1390                 1424                

Average Waiting Time: 816.8985595703125
Average Turnaround Time: 840.5797119140625
Number of context switches: 106
Idle CPU Time: 0
